subject
activity
TimeBodyAccelerometer.mean...X
TimeBodyAccelerometer.mean...Y
TimeBodyAccelerometer.mean...Z
TimeGravityAccelerometer.mean...X
TimeGravityAccelerometer.mean...Y
TimeGravityAccelerometer.mean...Z
TimeBodyAccelerometerJerk.mean...X
TimeBodyAccelerometerJerk.mean...Y
TimeBodyAccelerometerJerk.mean...Z
TimeBodyGyroscope.mean...X
TimeBodyGyroscope.mean...Y
TimeBodyGyroscope.mean...Z
TimeBodyGyroscopeJerk.mean...X
TimeBodyGyroscopeJerk.mean...Y
TimeBodyGyroscopeJerk.mean...Z
TimeBodyAccelerometerMagnitude.mean..
TimeGravityAccelerometerMagnitude.mean..
TimeBodyAccelerometerJerkMagnitude.mean..
TimeBodyGyroscopeMagnitude.mean..
TimeBodyGyroscopeJerkMagnitude.mean..
FrequencyBodyAccelerometer.mean...X
FrequencyBodyAccelerometer.mean...Y
FrequencyBodyAccelerometer.mean...Z
FrequencyBodyAccelerometer.meanFreq...X
FrequencyBodyAccelerometer.meanFreq...Y
FrequencyBodyAccelerometer.meanFreq...Z
FrequencyBodyAccelerometerJerk.mean...X
FrequencyBodyAccelerometerJerk.mean...Y
FrequencyBodyAccelerometerJerk.mean...Z
FrequencyBodyAccelerometerJerk.meanFreq...X
FrequencyBodyAccelerometerJerk.meanFreq...Y
FrequencyBodyAccelerometerJerk.meanFreq...Z
FrequencyBodyGyroscope.mean...X
FrequencyBodyGyroscope.mean...Y
FrequencyBodyGyroscope.mean...Z
FrequencyBodyGyroscope.meanFreq...X
FrequencyBodyGyroscope.meanFreq...Y
FrequencyBodyGyroscope.meanFreq...Z
FrequencyBodyAccelerometerMagnitude.mean..
FrequencyBodyAccelerometerMagnitude.meanFreq..
FrequencyBodyAccelerometerJerkMagnitude.mean..
FrequencyBodyAccelerometerJerkMagnitude.meanFreq..
FrequencyBodyGyroscopeMagnitude.mean..
FrequencyBodyGyroscopeMagnitude.meanFreq..
FrequencyBodyGyroscopeJerkMagnitude.mean..
FrequencyBodyGyroscopeJerkMagnitude.meanFreq..
Angle.TimeBodyAccelerometerMean.Gravity.
Angle.TimeBodyAccelerometerJerkMean..GravityMean.
1
1
LAYING
0.2215982
-0.040513953
-0.11320355
-0.2488818
0.705549773
0.445817720
0.08108653
3.838204e-03
1.083424e-02
-0.016553094
-0.064486124
0.14868944
-0.10727095
-0.04151729
-0.07405012
-0.84192915
-0.84192915
-0.954396265
-0.874759548
-0.96346103
-0.93909905
-0.867065205
-0.88266688
-0.158792671
0.097534842
0.0894376552
-0.95707388
-0.92246261
-0.94806090
0.13241909
0.024513619
0.024387945
-0.85024917
-0.95219149
-0.90930272
-0.003546796
-0.091529131
0.0104581257
-0.86176765
0.086408563
-0.933300361
0.266391154
-0.8621901854
-0.1397750127
-0.9423669
0.176485907
0.0213659656
0.0030604074
2
1
SITTING
0.2612376
-0.001308288
-0.10454418
0.8315099
0.204411593
0.332043703
0.07748252
-6.191028e-04
-3.367792e-03
-0.045350057
-0.091924155
0.06293138
-0.09367938
-0.04021181
-0.04670263
-0.94853679
-0.94853679
-0.987364196
-0.930892490
-0.99197634
-0.97964124
-0.944084550
-0.95918489
-0.049513598
0.075946077
0.2388298701
-0.98659702
-0.98157947
-0.98605309
0.25661082
0.047543784
0.092392003
-0.97616146
-0.97583859
-0.95131554
0.189153021
0.063127067
-0.0297839207
-0.94778292
0.236655012
-0.985262127
0.351852202
-0.9584355894
-0.0002621867
-0.9897975
0.184775928
0.0274415479
0.0297097878
3
1
STANDING
0.2789176
-0.016137590
-0.11060182
0.9429520
-0.272983832
0.013490582
0.07537665
7.975731e-03
-3.685250e-03
-0.023987735
-0.059397221
0.07480075
-0.09960921
-0.04406279
-0.04895055
-0.98427821
-0.98427821
-0.992367791
-0.976493793
-0.99496679
-0.99524993
-0.977070848
-0.98529710
0.086515362
0.117478949
0.2448585858
-0.99463080
-0.98541870
-0.99075217
0.31418294
0.039161895
0.138581479
-0.98638679
-0.98898446
-0.98077312
-0.120293021
-0.044719198
0.1006076351
-0.98535636
0.284555291
-0.992542478
0.422220102
-0.9846176234
-0.0286057725
-0.9948154
0.334498734
-0.0002223407
0.0219637827
4
1
WALKING
0.2773308
-0.017383819
-0.11114810
0.9352232
-0.282165021
-0.068102864
0.07404163
2.827211e-02
-4.168406e-03
-0.041830964
-0.069530046
0.08494482
-0.08999754
-0.03984287
-0.04613093
-0.13697118
-0.13697118
-0.141428809
-0.160979553
-0.29870368
-0.20279431
0.089712726
-0.33156012
-0.207548374
0.113093646
0.0497265196
-0.17054696
-0.03522552
-0.46899922
-0.20926197
-0.386237143
-0.185530281
-0.33903220
-0.10305942
-0.25594094
0.014784499
-0.065774619
0.0007733216
-0.12862345
0.190643724
-0.057119400
0.093822181
-0.1992525690
0.2688443675
-0.3193086
0.190663449
0.0604537474
-0.0079303785
5
1
WALKING_DOWNSTAIRS
0.2891883
-0.009918505
-0.10756619
0.9318744
-0.266610339
-0.062119959
0.05415532
2.965045e-02
-1.097197e-02
-0.035078190
-0.090937129
0.09008501
-0.07395920
-0.04399028
-0.02704611
0.02718829
0.02718829
-0.089447481
-0.075741254
-0.29546384
0.03822918
0.001549908
-0.22557447
-0.307395199
0.063220084
0.2943227008
-0.02766387
-0.12866716
-0.28833474
-0.25316434
-0.337589701
0.009372239
-0.35244963
-0.05570225
-0.03186943
-0.100453729
0.082551149
-0.0756762068
0.09658453
0.119187143
0.026218495
0.076491547
-0.1857202857
0.3496138955
-0.2819634
0.190000706
-0.0026951252
0.0899316866
6
1
WALKING_UPSTAIRS
0.2554617
-0.023953149
-0.09730200
0.8933511
-0.362153364
-0.075402940
0.10137273
1.948631e-02
-4.556254e-02
0.050549380
-0.166170015
0.05835955
-0.12223277
-0.04214859
-0.04071255
-0.12992763
-0.12992763
-0.466503446
-0.126735590
-0.59488287
-0.40432178
-0.190976721
-0.43334970
-0.418735000
-0.160697214
-0.5201147936
-0.47987525
-0.41344459
-0.68547435
-0.37702313
-0.509495532
-0.551104284
-0.49261167
-0.31947461
-0.45359721
-0.187450248
-0.473574787
-0.1333739043
-0.35239594
-0.097743350
-0.442652162
0.085352409
-0.3259614574
-0.2193033761
-0.6346651
0.114277342
0.0960860762
-0.0610838413
7
2
LAYING
0.2813734
-0.018158740
-0.10724561
-0.5097542
0.752536639
0.646834880
0.08259725
1.225479e-02
-1.802649e-03
-0.018476607
-0.111800825
0.14488285
-0.10197413
-0.03585902
-0.07017830
-0.97743549
-0.97743549
-0.987741696
-0.950011570
-0.99176707
-0.97672506
-0.979800878
-0.98438098
-0.146482793
0.257289465
0.4025325534
-0.98581363
-0.98276825
-0.98619713
0.15980833
0.121206424
0.190558218
-0.98643114
-0.98332164
-0.96267189
0.102611319
0.042280668
0.0552985986
-0.97511020
0.266298213
-0.985374115
0.341758575
-0.9721129727
0.0185644722
-0.9902487
0.264801505
0.0057918096
-0.0063555765
8
2
SITTING
0.2770874
-0.015687994
-0.10921827
0.9404773
-0.105630024
0.198726769
0.07225644
1.169545e-02
7.605469e-03
-0.045470662
-0.059928680
0.04122775
-0.09363284
-0.04156020
-0.04358510
-0.96789362
-0.96789362
-0.986774713
-0.946035087
-0.99108149
-0.98580384
-0.957343498
-0.97016217
0.085192821
0.150193956
0.0960646760
-0.98784879
-0.97713970
-0.98512905
0.30554682
0.026244865
0.092903063
-0.98262139
-0.98210092
-0.95981482
0.130523121
-0.192142738
0.0409472349
-0.96127375
0.130934203
-0.983874699
0.280062424
-0.9718405961
-0.1063589092
-0.9898620
0.194722149
0.0395284311
-0.0033928669
9
2
STANDING
0.2779115
-0.018420827
-0.10590854
0.8969286
-0.370062697
0.129747161
0.07475886
1.032918e-02
-8.371588e-03
-0.023862388
-0.082039658
0.08783517
-0.10556216
-0.04224195
-0.05465395
-0.96587518
-0.96587518
-0.980489077
-0.963466342
-0.98395190
-0.98394674
-0.959871697
-0.96247120
0.108519183
0.062337807
0.1044624996
-0.98097324
-0.97085134
-0.97977515
0.33144928
-0.056936829
0.039649818
-0.96703711
-0.97257615
-0.96062770
-0.107416045
-0.171160370
0.0002268106
-0.96405217
0.119649964
-0.977065296
0.304871865
-0.9617759048
-0.0661266046
-0.9778498
0.160662824
-0.0136819153
0.0411822245
10
2
WALKING
0.2764266
-0.018594920
-0.10550036
0.9130173
-0.346607090
0.084727087
0.06180807
1.824927e-02
7.895337e-03
-0.053025816
-0.048238232
0.08283366
-0.08188334
-0.05382994
-0.05149392
-0.29040759
-0.29040759
-0.281424154
-0.446549093
-0.54791195
-0.34604816
-0.021904810
-0.45380637
-0.145795490
0.198586467
0.0688995208
-0.30461532
-0.07876408
-0.55495671
-0.07271016
-0.263574018
-0.254846439
-0.42971354
-0.55477211
-0.39665991
0.007279680
-0.042700932
0.1397521153
-0.32428943
0.393206208
-0.169064353
0.207500927
-0.5307048147
0.3052838253
-0.5832493
0.126344614
-0.0301017379
0.0534005801
11
2
WALKING_DOWNSTAIRS
0.2776153
-0.022661416
-0.11681294
0.8618313
-0.325780101
-0.043889016
0.11004062
-3.279591e-03
-2.093517e-02
-0.115947353
-0.004823292
0.09717381
-0.05810385
-0.04214703
-0.07102298
0.08995112
0.08995112
0.005655163
-0.162188587
-0.41087267
0.11284116
0.278345042
-0.13129077
-0.273711610
0.011930961
0.0903678547
0.13812068
0.09620916
-0.27149872
-0.14389815
-0.357514502
-0.234703932
-0.14577597
-0.36191382
-0.08749447
-0.037529802
0.077089456
0.1367749584
0.29342483
0.093832130
0.222247410
0.018835511
-0.3208385436
0.1039712417
-0.3801753
-0.051247964
-0.0243291093
-0.0063755052
12
2
WALKING_UPSTAIRS
0.2471648
-0.021412113
-0.15251390
0.7907174
-0.416214890
-0.195888239
0.07445078
-9.709855e-03
1.948144e-02
-0.057691263
-0.032088310
0.06883740
-0.08288580
-0.04240537
-0.04451575
-0.10732268
-0.10732268
-0.321268911
-0.219713473
-0.57281644
-0.26672093
0.009924459
-0.28100199
-0.281748011
-0.061889446
-0.2365890923
-0.25863944
-0.18784213
-0.52272806
-0.04911429
-0.287688885
-0.374218485
-0.33164358
-0.48808612
-0.24860112
-0.115324434
-0.130357851
-0.0773418117
-0.14531854
0.107680395
-0.189511137
-0.011916823
-0.4506121848
-0.0227527690
-0.6007985
0.046743399
0.0946511081
-0.0077546690
13
3
LAYING
0.2755169
-0.018955679
-0.10130048
-0.2417585
0.837032100
0.488703185
0.07698111
1.380410e-02
-4.356259e-03
-0.020817054
-0.071850716
0.13799956
-0.10004450
-0.03897718
-0.06873387
-0.97279135
-0.97279135
-0.979484593
-0.951564751
-0.98671363
-0.98066561
-0.961169983
-0.96833214
-0.073952644
0.238470751
0.2169716717
-0.98051320
-0.96875211
-0.97912234
0.17597855
-0.013177496
0.044819691
-0.97016726
-0.97809968
-0.96234196
-0.082216645
-0.026682011
0.1476864555
-0.96552428
0.236990128
-0.975949598
0.238611134
-0.9645867248
-0.0229296115
-0.9842783
0.110697704
0.0178959376
0.0166479534
14
3
SITTING
0.2571976
-0.003502998
-0.09835792
0.9010990
0.127303379
0.139020582
0.07260984
2.725291e-03
-4.233484e-03
-0.038536520
-0.075241003
0.09401140
-0.10360589
-0.03609099
-0.05900800
-0.89538335
-0.89538335
-0.969080753
-0.919354372
-0.97799805
-0.97015444
-0.891907751
-0.91798793
0.031298937
-0.006616306
0.0478619586
-0.97495036
-0.95417015
-0.97084567
0.21573183
-0.095914873
-0.043747343
-0.95755064
-0.95617355
-0.93496796
0.052084449
-0.166042259
-0.0387467420
-0.90418573
0.028160079
-0.965888892
0.286795770
-0.9466649437
-0.1155257652
-0.9778981
0.087190234
0.0327172863
0.0040782968
15
3
STANDING
0.2800465
-0.014337656
-0.10162172
0.9350308
-0.301735130
0.024763107
0.07509006
7.716636e-03
-8.071779e-03
-0.024662607
-0.058510192
0.06652621
-0.09946026
-0.04724158
-0.04168322
-0.92543082
-0.92543082
-0.959303840
-0.892089349
-0.96233934
-0.96012341
-0.908075354
-0.93950774
-0.087024832
-0.128180130
0.0077189788
-0.95766686
-0.94349797
-0.96917490
0.07495644
-0.258164810
-0.112367642
-0.90128227
-0.93771116
-0.91617254
-0.297107442
-0.316011207
-0.2291200911
-0.92696893
-0.000332754
-0.948627468
0.129816298
-0.9136823626
-0.3098221614
-0.9603317
-0.020630782
0.0077277056
0.0246545251
16
3
WALKING
0.2755675
-0.017176784
-0.11267486
0.9365067
-0.261986358
-0.138107866
0.08147459
1.005915e-02
-5.622646e-03
-0.025640519
-0.077915094
0.08134859
-0.09523982
-0.03878747
-0.05036161
-0.25469033
-0.25469033
-0.280009317
-0.466411754
-0.56613522
-0.31661401
-0.081302435
-0.41237407
-0.246614197
0.171743003
0.0748536557
-0.30469444
-0.14050859
-0.51413726
-0.21604267
-0.258667985
-0.346946648
-0.43784576
-0.56152627
-0.41812622
0.033759690
-0.037989651
-0.0445079739
-0.29003154
0.113494313
-0.186764517
-0.117163983
-0.5697557722
0.1809464630
-0.6077516
0.045762296
0.0527502832
-0.0763020649
17
3
WALKING_DOWNSTAIRS
0.2924235
-0.019355408
-0.11613984
0.9390578
-0.228829214
-0.102352758
0.07256893
1.097078e-02
-2.027280e-03
-0.131573276
-0.013935804
0.12382674
-0.07787017
-0.03915679
-0.04161931
-0.06281261
-0.06281261
-0.205239247
-0.215294501
-0.50856758
-0.04217069
-0.007700483
-0.40445241
-0.325863695
0.052906524
-0.0566003045
-0.09067071
-0.13593854
-0.52905945
-0.22959943
-0.356023307
-0.274421716
-0.12906657
-0.54269416
-0.30286646
-0.159888621
-0.109972458
0.0910072842
0.02894132
0.043961669
-0.049477977
0.043496784
-0.3323766294
-0.0516699550
-0.5762772
0.065444436
-0.0475794238
-0.0108494994
18
3
WALKING_UPSTAIRS
0.2608199
-0.032410941
-0.11006486
0.8835334
-0.382851154
-0.162943955
0.04268810
3.972493e-02
2.082055e-02
0.072198031
-0.139275406
0.02156037
-0.11551057
-0.04003725
-0.04981809
-0.18401490
-0.18401490
-0.436901159
-0.347321812
-0.65886140
-0.39200421
-0.078809416
-0.50449453
-0.461249741
-0.100019162
-0.2788959113
-0.47843431
-0.28377255
-0.67731453
-0.32515113
-0.453789820
-0.442664136
-0.37821668
-0.63729351
-0.43150336
-0.145536204
-0.339321488
-0.1020138341
-0.31586608
0.023821875
-0.412920898
0.090494409
-0.5142115837
-0.1777305915
-0.7168778
0.075384358
0.0134885571
0.1151768012
19
4
LAYING
0.2635592
-0.015003184
-0.11068815
-0.4206647
0.915165104
0.341531311
0.09344942
6.933132e-03
-6.410543e-03
-0.009231563
-0.093012818
0.16972040
-0.10501988
-0.03812304
-0.07121563
-0.95455760
-0.95455760
-0.970095772
-0.930236463
-0.98506850
-0.95880208
-0.938883374
-0.96750428
-0.274194619
0.366231449
0.2013295920
-0.97854246
-0.94396999
-0.97538333
0.18243648
0.098742884
0.077021117
-0.96720374
-0.97218784
-0.96147926
-0.066092182
-0.526889996
0.1528863116
-0.93938970
0.241697900
-0.962287125
0.274027350
-0.9615566602
-0.2598519698
-0.9836091
0.202949382
-0.0023577525
-0.0155037568
20
4
SITTING
0.2715383
-0.007163065
-0.10587460
0.8693030
0.211622540
0.110120481
0.07845002
-1.085822e-02
-1.215000e-02
-0.049443512
-0.089430061
0.10115033
-0.09694948
-0.04184839
-0.04899644
-0.93569482
-0.93569482
-0.970132284
-0.926063314
-0.98049046
-0.97746250
-0.905782932
-0.95178374
0.037381761
0.078786009
0.0120942660
-0.97684571
-0.94429839
-0.97515491
0.21301992
-0.075289966
0.012245577
-0.96058964
-0.96758365
-0.93377689
0.109092658
-0.394745540
-0.1457260342
-0.92900209
0.028092111
-0.962500734
0.227198015
-0.9487697524
-0.2000847576
-0.9765478
0.085934203
-0.0107534747
-0.0075990574
21
4
STANDING
0.2804997
-0.009489111
-0.09615749
0.9561978
-0.075900906
0.166893826
0.07213284
-6.530157e-03
-2.118899e-02
-0.030644934
-0.061824851
0.07556364
-0.10305789
-0.04612572
-0.04907535
-0.90647805
-0.90647805
-0.963370738
-0.900982101
-0.96761407
-0.97349755
-0.889549205
-0.93164342
0.062099996
-0.066987505
-0.0377822772
-0.97231089
-0.93762424
-0.96864841
0.27221398
-0.126450633
0.071105663
-0.90546416
-0.95599295
-0.91528096
-0.274809641
-0.364372375
-0.2231091545
-0.91761401
-0.102971758
-0.956139284
0.201262207
-0.9142091657
-0.2861283121
-0.9644711
0.060985002
0.0147312363
0.0045729089
22
4
WALKING
0.2785820
-0.014839948
-0.11140306
0.9639997
-0.085854027
0.127764113
0.07835291
2.956024e-03
-7.676793e-04
-0.031798256
-0.072690528
0.08056772
-0.11532156
-0.03934745
-0.05511669
-0.31205057
-0.31205057
-0.366700880
-0.497792201
-0.68130404
-0.42671945
-0.149399633
-0.63100547
-0.138591637
0.012347734
-0.0787892637
-0.35888341
-0.27955339
-0.72899160
-0.13528039
-0.385880863
-0.325737504
-0.37338454
-0.68846006
-0.60138113
-0.127154086
-0.274665638
0.1498515347
-0.45080456
0.382096410
-0.318587811
0.111486485
-0.6092855880
0.0697301245
-0.7243274
0.265355374
-0.0120097781
0.0009211045
23
4
WALKING_DOWNSTAIRS
0.2799653
-0.009802009
-0.10677752
0.9477319
-0.062085277
0.148714809
0.09718627
5.637802e-03
-7.291378e-03
-0.102838823
-0.070402595
0.05926395
-0.09212827
-0.03484349
-0.04928364
-0.04916167
-0.04916167
-0.228851414
-0.346606293
-0.59284301
-0.07223923
-0.129606639
-0.49468345
-0.342285696
0.213581745
0.0478375670
-0.16163291
-0.17294163
-0.58391737
-0.17911518
-0.181293185
-0.169702261
-0.24029889
-0.71754584
-0.31830648
-0.127145377
-0.185485631
0.3770740968
-0.01907434
0.101078171
-0.175295287
0.092623694
-0.4292133696
0.0600292046
-0.6217525
0.144436926
0.0006337594
-0.0525297219
24
4
WALKING_UPSTAIRS
0.2708767
-0.031980430
-0.11421946
0.9462643
-0.232944305
0.084167538
0.05609719
2.340190e-02
3.402808e-03
0.039382520
-0.085947168
0.08437538
-0.13147207
-0.03905088
-0.07224963
-0.15370394
-0.15370394
-0.400922255
-0.299779408
-0.68697837
-0.29448827
-0.117109161
-0.52465572
-0.486811750
-0.066234848
-0.2305367066
-0.41830465
-0.29780519
-0.69010693
-0.37965361
-0.392701926
-0.319649297
-0.37106899
-0.68431020
-0.35076574
-0.206073104
-0.491527601
-0.1301342081
-0.27682550
-0.108017172
-0.397406285
0.049746274
-0.5757940721
-0.1502744792
-0.7407492
0.179517012
0.0592051542
-0.0050623654
25
5
LAYING
0.2783343
-0.018304212
-0.10793760
-0.4834706
0.954890346
0.263644692
0.08481648
7.474608e-03
-3.040672e-03
-0.021893501
-0.079870960
0.15989437
-0.10211413
-0.04044469
-0.07083097
-0.96677788
-0.96677788
-0.980141254
-0.946938301
-0.98641942
-0.96874168
-0.965419521
-0.97700772
-0.135632454
0.466528232
0.1323108713
-0.98268966
-0.96532857
-0.98325031
0.23991516
0.195677336
0.091693879
-0.97579749
-0.97824965
-0.96320295
-0.022723586
0.068124848
0.0413600281
-0.96223498
0.292032095
-0.977356380
0.197005001
-0.9682570688
0.1024417659
-0.9846180
0.024736711
0.0212091927
0.0553647963
26
5
SITTING
0.2736941
-0.009900835
-0.10854030
0.8807314
0.168445524
0.143006858
0.07495774
-2.787733e-03
3.386096e-03
-0.042235521
-0.083548408
0.08239345
-0.08897477
-0.04547030
-0.04877147
-0.93797832
-0.93797832
-0.969320156
-0.934301647
-0.97384829
-0.97745081
-0.921434736
-0.94606422
-0.020933049
0.068459003
0.0403161796
-0.97602495
-0.95423749
-0.96950133
0.07573562
-0.131861736
-0.064496073
-0.95711725
-0.95546036
-0.93800343
0.125891359
-0.187706341
0.0966833908
-0.93629060
0.058607517
-0.964440302
0.245936717
-0.9447603220
-0.0057835009
-0.9715984
0.081290133
0.0287036467
-0.0209532539
27
5
STANDING
0.2825444
-0.007004186
-0.10217110
0.9601887
-0.038710127
0.138638437
0.07251899
-2.219902e-03
-1.228122e-02
-0.032271190
-0.050987505
0.06909458
-0.09222499
-0.03991082
-0.04222213
-0.90610470
-0.90610470
-0.956863566
-0.900671631
-0.95840590
-0.96450092
-0.890796361
-0.91508380
-0.016406678
-0.008944132
-0.0282875225
-0.96305924
-0.93137021
-0.95843873
0.15046308
-0.143681805
-0.033363702
-0.90966180
-0.93937352
-0.90719084
-0.178598411
-0.162944927
-0.1091803638
-0.90464139
-0.016942232
-0.941825903
0.140971601
-0.9045439216
-0.1577688712
-0.9522864
-0.039313597
-0.0086085693
-0.0057222439
28
5
WALKING
0.2778423
-0.017285032
-0.10774178
0.9726250
-0.100440285
0.002476236
0.08458888
-1.631941e-02
8.321594e-05
-0.048891990
-0.069013525
0.08154355
-0.08884084
-0.04495595
-0.04826796
-0.15833867
-0.15833867
-0.288333024
-0.355933084
-0.44453249
-0.28778261
0.009460378
-0.49025109
-0.322382011
-0.002040511
0.0247389729
-0.34495481
-0.18105555
-0.59049662
-0.35937258
-0.534049823
-0.344150925
-0.37266875
-0.51395172
-0.21312703
-0.045860194
-0.019186012
0.1674578191
-0.30499249
0.149852522
-0.269481661
-0.004972878
-0.4842628289
0.2506206098
-0.5480536
0.052733013
-0.0322868204
-0.0117215776
29
5
WALKING_DOWNSTAIRS
0.2935439
-0.008501075
-0.10031993
0.9566494
-0.060757832
0.021677791
0.10965060
1.376182e-02
2.133977e-02
-0.068294570
-0.070780600
0.08065600
-0.11014901
-0.07082966
-0.03996569
0.21113885
0.21113885
-0.063752856
-0.218029835
-0.39719562
0.09843201
0.079228069
-0.37474009
-0.453524501
0.036366239
-0.0043722037
-0.03680122
-0.05680330
-0.49197995
-0.35091162
-0.470994737
-0.303523361
-0.29534510
-0.38248308
-0.03417503
-0.008922866
-0.007642421
0.2115558070
0.15574217
-0.013705507
0.009183943
0.110968065
-0.3493384147
0.2046337575
-0.4536972
0.072381509
-0.0397384617
-0.0414008516
30
5
WALKING_UPSTAIRS
0.2684595
-0.032526976
-0.10747145
0.9368218
-0.265942569
-0.023203536
0.07954435
1.401304e-02
-2.559095e-02
0.039519112
-0.117195552
0.04244428
-0.14302969
-0.05598958
-0.05348954
0.04355620
0.04355620
-0.247403477
-0.235516929
-0.47348817
-0.16148534
0.072890316
-0.45747068
-0.427706137
-0.122487324
-0.1352646159
-0.28972547
-0.19681792
-0.60671746
-0.39783558
-0.577009360
-0.339640933
-0.26361510
-0.51660905
-0.13980139
-0.061580336
-0.138063832
0.0608132840
-0.16926152
-0.020494854
-0.264674939
0.124513300
-0.3925645309
-0.0234001988
-0.5713441
0.005786311
-0.0204224406
-0.0772287024
31
6
LAYING
0.2486565
-0.010252917
-0.13311957
-0.4767099
0.956593814
0.175867709
0.09634820
-1.145292e-03
3.288173e-03
-0.007960503
-0.107218315
0.17910206
-0.11126728
-0.04241043
-0.07177747
-0.91887885
-0.91887885
-0.954750505
-0.908980175
-0.95564574
-0.93911425
-0.923706791
-0.93804491
-0.219729934
0.348418746
0.1614579278
-0.96707244
-0.93604342
-0.95442584
0.01147319
-0.022202946
0.078468403
-0.93543977
-0.94177154
-0.93263661
0.102549066
0.023656780
0.0445225538
-0.91235165
0.144605087
-0.948655471
0.182525078
-0.9301536395
0.1193175229
-0.9536960
0.163765319
0.0049894391
0.0322170354
32
6
SITTING
0.2767785
-0.014591162
-0.11012773
0.9336929
0.068262866
0.069521966
0.07547216
2.556498e-06
6.237278e-03
-0.037244228
-0.089908330
0.08543460
-0.09366935
-0.03339867
-0.04655043
-0.94954353
-0.94954353
-0.962733502
-0.932703812
-0.96292923
-0.97535145
-0.928264365
-0.93579812
0.003046954
0.123381830
0.0818455300
-0.97103748
-0.94707082
-0.95419979
0.09994006
-0.150934459
-0.091348467
-0.93967140
-0.94385739
-0.93476490
0.139409517
-0.129239218
0.0438103633
-0.93575039
0.128902046
-0.948348654
0.171844520
-0.9297256793
0.0461735838
-0.9520346
0.121846502
0.0023276237
-0.0238156430
33
6
STANDING
0.2803462
-0.018123633
-0.11217283
0.9451390
-0.230251036
0.013919347
0.07306996
8.718840e-03
-4.817122e-03
-0.028251913
-0.058982364
0.07673947
-0.10329253
-0.04288283
-0.05064322
-0.94502288
-0.94502288
-0.967102436
-0.939404744
-0.96340622
-0.97710029
-0.930336472
-0.94286402
0.066452177
-0.086631998
0.0208815076
-0.97348054
-0.95140546
-0.96374352
0.18655923
-0.251013912
-0.071533989
-0.93161238
-0.94327315
-0.94323960
-0.114716166
-0.195978463
-0.0778747191
-0.94594980
0.037354219
-0.955914005
0.190943682
-0.9266642970
-0.0701196903
-0.9554251
0.027625265
0.0123494546
-0.0073786249
34
6
WALKING
0.2836589
-0.016895419
-0.11030317
0.9580675
-0.214694852
0.033188883
0.06995859
-1.648317e-02
-7.389312e-03
-0.025509619
-0.074446247
0.08388088
-0.08788911
-0.03623090
-0.05395973
-0.16684071
-0.16684071
-0.195117026
-0.281207841
-0.32129048
-0.18793432
0.140781622
-0.49852016
-0.196841737
0.022073419
0.1851070423
-0.15094292
-0.07537423
-0.54143862
-0.17829518
-0.466305754
-0.104129449
-0.23965071
-0.34137843
-0.20357546
0.091240973
0.041626754
0.3028749498
-0.20138661
0.200090364
-0.055401423
-0.009228846
-0.3296811234
0.2931096135
-0.3665005
0.100924732
-0.0680347059
0.0055953282
35
6
WALKING_DOWNSTAIRS
0.2770453
-0.019536840
-0.10720936
0.9285315
-0.214046334
-0.003079817
0.10368134
9.876858e-03
-9.324706e-03
-0.096083744
-0.034178221
0.08700126
-0.02564522
-0.07680899
-0.03722287
0.33375473
0.33375473
0.103845072
0.014267782
-0.08293669
0.32830851
0.339771174
-0.27760259
-0.411649336
0.021911178
0.3062531664
0.13655499
0.13720245
-0.28308621
-0.31575769
-0.484343661
-0.034825425
0.06337161
-0.13032747
0.15284525
0.001504466
0.151125875
0.3029636429
0.39595803
0.106479482
0.243834259
-0.001606595
-0.0143735434
0.2306930285
-0.1327054
0.036946297
-0.0453085169
-0.0358369679
36
6
WALKING_UPSTAIRS
0.2682294
-0.027242539
-0.12208244
0.9136322
-0.340732609
-0.018460896
0.07210675
3.713434e-03
-2.378166e-03
-0.076740683
-0.051898199
0.06642340
-0.06520245
-0.04577054
-0.05768000
0.01777910
0.01777910
-0.207379799
-0.129121244
-0.34289537
-0.13107537
0.097803510
-0.42724810
-0.445120587
-0.094883003
-0.0667867912
-0.24481277
-0.12299159
-0.54931462
-0.44195912
-0.501170340
-0.401683802
-0.11506501
-0.32965378
-0.04641421
-0.055914015
-0.129471191
0.0102927666
-0.08194794
-0.014015435
-0.169868234
-0.061237841
-0.2306270151
0.0144807317
-0.4592363
0.028505384
0.0086413809
0.0032111740
37
7
LAYING
0.2501767
-0.020441152
-0.10136104
-0.5028143
0.393444278
0.907537823
0.09689040
2.506242e-02
-1.316539e-02
-0.002826419
-0.133605695
0.15592003
-0.10594424
-0.03588974
-0.06719018
-0.93639202
-0.93639202
-0.980127240
-0.915793635
-0.98300883
-0.95342425
-0.942193954
-0.95861164
-0.635913046
-0.043829267
0.2371119873
-0.98039305
-0.97253165
-0.96952498
0.02071592
-0.045134262
0.094560585
-0.95368455
-0.95757021
-0.95690531
-0.139745225
-0.453725645
0.0144682871
-0.92797688
-0.129091025
-0.968066259
0.217605287
-0.9411307192
-0.2657844911
-0.9741179
0.104422953
0.0364477050
0.0199228239
38
7
SITTING
0.2846746
-0.014610976
-0.12246460
0.9691478
0.006088466
0.064963625
0.06685198
1.168634e-02
1.620041e-02
-0.049637972
-0.033611965
0.02594767
-0.09381556
-0.03964449
-0.04545663
-0.91843211
-0.91843211
-0.976559676
-0.897870535
-0.98166512
-0.97269713
-0.931490634
-0.90467534
-0.033431223
0.014716671
-0.1017660836
-0.98203724
-0.96942361
-0.96850350
0.18013258
-0.081502132
-0.085752758
-0.94363176
-0.95667806
-0.94741993
-0.071630230
-0.308762329
-0.0187739587
-0.90895678
-0.011233011
-0.970954184
0.181229725
-0.9330819552
-0.1428308914
-0.9786350
0.055363892
0.0136365984
-0.0387514768
39
7
STANDING
0.2827235
-0.014574034
-0.09977783
0.9587287
-0.117607049
-0.051657372
0.07519151
6.947004e-03
-1.084203e-02
-0.029158221
-0.077433644
0.08510450
-0.09015397
-0.04127976
-0.05453900
-0.94272466
-0.94272466
-0.973381306
-0.943425565
-0.97737708
-0.97668183
-0.941883784
-0.93855052
-0.079704728
-0.159730059
0.0009889401
-0.97632309
-0.96716509
-0.96822964
0.09877485
-0.188479735
-0.089160206
-0.93812164
-0.95754867
-0.95716506
-0.188057606
-0.298448698
-0.1881166280
-0.94561145
-0.028845177
-0.967417888
0.256759440
-0.9387049849
-0.1871816700
-0.9736712
0.095470740
0.0102468977
-0.0238336055
40
7
WALKING
0.2755930
-0.018653665
-0.11091223
0.9325665
-0.159097004
-0.160846924
0.09014626
1.843227e-02
-2.103986e-02
0.002288352
-0.083711372
0.06411046
-0.12365420
-0.04477660
-0.04957131
-0.09780904
-0.09780904
-0.192948900
-0.305959351
-0.30002278
-0.34304841
-0.064156420
0.03858323
-0.313727372
0.160434129
0.1246301711
-0.38371580
-0.12319289
-0.10649037
-0.28458651
-0.287013819
-0.244831720
-0.31839510
-0.15196669
-0.36673362
0.111912537
0.273141323
0.0143564055
-0.15124365
0.172997884
-0.038418730
-0.012744637
-0.1929097655
0.3003157181
-0.1553399
0.000880340
-0.0236143876
-0.0053808422
41
7
WALKING_DOWNSTAIRS
0.2803071
-0.016633237
-0.09693831
0.9306236
-0.129871673
-0.154935539
0.09689262
-1.910611e-02
-1.603904e-02
-0.105409613
-0.049717461
0.11689477
-0.05972735
-0.03819043
-0.07894693
0.01987953
0.01987953
-0.170319619
-0.188740819
-0.39922996
0.04434283
-0.145302311
-0.13921622
-0.365650549
-0.031473662
0.0824424244
-0.03052267
-0.31623651
-0.29649490
-0.33362729
-0.414196284
-0.382024152
-0.33930147
-0.21444307
-0.29960027
-0.219867702
0.200566271
0.0076371946
0.21891107
0.003802981
0.067389886
-0.037384440
-0.2550450574
0.2352009265
-0.2890967
0.081946366
-0.0386153597
-0.0307260213
42
7
WALKING_UPSTAIRS
0.2487069
-0.027563901
-0.14376969
0.8187466
-0.240950944
-0.403599710
0.07246499
-8.123871e-04
-7.451967e-05
-0.138778108
-0.002471620
0.13921707
-0.08566409
-0.04822191
-0.07245175
-0.19807444
-0.19807444
-0.458695232
-0.239099166
-0.66196977
-0.33619943
-0.381590523
-0.31746102
-0.432684590
-0.135079177
-0.2737305214
-0.45464788
-0.53707567
-0.58176453
-0.39118255
-0.425313822
-0.627555474
-0.38388934
-0.56792027
-0.40815027
-0.329345937
-0.054117536
-0.3461055753
-0.37861876
-0.089227815
-0.454783247
0.045863646
-0.5339829459
-0.1652008966
-0.6733273
0.047334927
0.0175799694
0.0140026346
43
8
LAYING
0.2612543
-0.021228173
-0.10224537
-0.4059300
0.589922435
0.719831539
0.08783269
2.332992e-02
-1.692188e-02
0.005353612
-0.089137414
0.13818831
-0.10644501
-0.03897352
-0.06941232
-0.93530863
-0.93530863
-0.973147490
-0.924253349
-0.97843819
-0.95353856
-0.951816664
-0.94426951
-0.307248374
0.005397544
0.1924357871
-0.97311060
-0.97587744
-0.96211114
0.16498430
0.006672864
0.120248740
-0.95790389
-0.95741116
-0.96746124
-0.105590904
-0.199880206
0.2135683822
-0.93227965
0.048498846
-0.961792852
0.350822601
-0.9445289506
-0.0620563752
-0.9684039
0.219371246
-0.0244904311
-0.0219448740
44
8
SITTING
0.2674915
-0.006725506
-0.10446105
0.8324539
0.240095117
0.263895186
0.07867138
-6.575163e-03
-1.068089e-02
-0.054739699
-0.095508924
0.07160488
-0.09231503
-0.04026738
-0.04457322
-0.95213970
-0.95213970
-0.986061512
-0.932682243
-0.99180743
-0.98114291
-0.944219718
-0.95943628
-0.164187373
0.107278339
0.0600484578
-0.98497727
-0.98022110
-0.98299531
0.22782862
0.052715700
0.008837681
-0.98220031
-0.97658989
-0.96179868
0.116741557
-0.261139450
-0.0430176558
-0.94798178
0.121543001
-0.980932292
0.306787561
-0.9658067893
-0.1411262027
-0.9877306
0.166638748
0.0119896312
-0.0175702778
45
8
STANDING
0.2796210
-0.014811307
-0.10611500
0.9576699
-0.090460349
-0.097939202
0.07537390
8.149517e-03
3.221533e-03
-0.021967198
-0.028011763
0.06368891
-0.09775758
-0.04851907
-0.04784832
-0.95376288
-0.95376288
-0.984920798
-0.952848497
-0.98758059
-0.98821986
-0.950049100
-0.95036294
0.023115567
0.077184273
0.1211814738
-0.98902924
-0.97617767
-0.97947719
0.26729623
-0.059819558
0.069283124
-0.96967744
-0.97259549
-0.97551228
-0.154243187
-0.197392513
0.0222011082
-0.95374607
0.110646846
-0.979745872
0.308060634
-0.9645642241
-0.1087803157
-0.9837092
0.179173690
0.0258949006
-0.0082046212
46
8
WALKING
0.2746863
-0.018662887
-0.10725209
0.9135863
-0.217102195
-0.186267837
0.07033935
-6.039475e-03
-6.737989e-04
0.023508823
-0.095791791
0.05096579
-0.13588643
-0.03148809
-0.05226840
0.05167863
0.05167863
-0.066832243
-0.003102438
-0.33912927
-0.24738901
0.316982393
-0.23863459
-0.380892406
0.003561638
0.1119472054
-0.31119871
0.07968329
-0.36156326
-0.34589812
-0.419277901
-0.247485399
-0.10206305
-0.25972969
-0.13290220
-0.176032066
-0.102881608
-0.2188007538
-0.09521728
0.204080888
-0.123834410
0.176189876
-0.3012418486
0.0890005738
-0.4730262
0.294590007
0.0738615335
-0.0331417691
47
8
WALKING_DOWNSTAIRS
0.2834841
-0.021105867
-0.10759814
0.9140235
-0.187610243
-0.141817935
0.11893809
-3.801938e-02
-3.943562e-02
-0.121189626
-0.050076017
0.11414386
-0.03492835
-0.05349697
-0.08679033
0.17659931
0.17659931
0.262628490
0.099342974
-0.12618914
0.13659020
0.388412780
0.15958976
-0.200757851
0.051155548
0.2230784896
0.21484140
0.22063969
0.05860969
-0.17099790
-0.337650965
-0.180391339
-0.13074045
0.11609088
0.02774981
-0.177172959
0.071679424
-0.0051304019
0.30162676
0.229144570
0.331528460
0.181422536
-0.0003627297
0.2676759829
-0.1251796
0.242843619
-0.0143680611
-0.1194653582
48
8
WALKING_UPSTAIRS
0.2588802
-0.028241514
-0.11512212
0.8603687
-0.291341492
-0.192306961
0.08138168
1.412059e-02
-6.745839e-02
0.192704476
-0.204205356
-0.07245460
-0.15544567
-0.02791958
-0.05340904
0.12102663
0.12102663
-0.141494613
0.166447991
-0.40066401
-0.16641107
0.263431400
-0.07294969
-0.290117828
-0.100254406
-0.1918526564
-0.20027725
-0.02579526
-0.38665580
-0.11598956
-0.344029932
-0.368783012
-0.24026076
-0.11316214
0.16597419
-0.221044979
-0.184403755
-0.2962346665
-0.13026452
0.207071290
-0.131850567
0.274549259
-0.2296109526
-0.1281150033
-0.4632706
0.251663318
0.0767267883
-0.0979335781
49
9
LAYING
0.2591955
-0.020526822
-0.10754972
-0.5802528
-0.119154196
0.957873042
0.08807345
1.156173e-02
-7.053678e-03
-0.013632036
-0.158902920
0.10127501
-0.10384668
-0.02755226
-0.05694905
-0.93086844
-0.93086844
-0.963374549
-0.907125100
-0.96452482
-0.94686549
-0.934366598
-0.94591900
-0.445962777
-0.215336753
0.1781072809
-0.96430406
-0.96408281
-0.95590922
-0.08503094
-0.227093670
-0.094374360
-0.93029792
-0.93457966
-0.95981501
-0.230699179
-0.321206958
-0.0551254137
-0.92660430
-0.085609052
-0.954320586
0.167002983
-0.9186053356
-0.2063435687
-0.9558063
-0.016201379
0.0009910772
-0.0218178513
50
9
SITTING
0.2483267
-0.027016777
-0.07537847
0.9163245
-0.041425823
0.085263099
0.07700501
9.817397e-03
-8.674673e-03
-0.042328877
-0.041427118
0.08079193
-0.09307081
-0.04666344
-0.05284149
-0.89336172
-0.89336172
-0.964383757
-0.903235537
-0.97336414
-0.95941359
-0.911683219
-0.89220134
-0.109383842
-0.120093396
-0.1317488735
-0.96559624
-0.95800739
-0.95752698
0.02039799
-0.271900851
-0.267665735
-0.95031524
-0.93969301
-0.94031231
-0.128144115
-0.359739582
-0.1732421531
-0.89771820
-0.080613444
-0.953050441
0.097470020
-0.9344377378
-0.1959700516
-0.9683156
0.031534866
0.0213074293
-0.0319304736
51
9
STANDING
0.2823101
-0.020045495
-0.09527475
0.9613235
-0.010383816
0.009147692
0.07600321
1.306998e-02
-4.700786e-03
-0.029183136
-0.060810158
0.09924093
-0.09589770
-0.04191996
-0.05757431
-0.94516748
-0.94516748
-0.969524579
-0.921030223
-0.96982404
-0.97166269
-0.944849432
-0.94168687
-0.105711680
-0.003787219
0.0001654241
-0.97131377
-0.96262430
-0.96712920
-0.02350415
-0.098189403
-0.128067958
-0.91697444
-0.95451430
-0.94151034
-0.222857824
-0.348959970
-0.1657612633
-0.94633017
0.023573871
-0.963242884
0.200537688
-0.9297690678
-0.1749535686
-0.9674916
0.024365085
0.0116017230
0.0048663167
52
9
WALKING
0.2785028
-0.018089197
-0.11082051
0.9518671
-0.031434174
-0.115856121
0.07043573
2.122559e-02
4.147627e-03
-0.080836060
-0.062559871
0.11162978
-0.08092041
-0.03562834
-0.06334066
-0.09808405
-0.09808405
-0.203733616
-0.294542267
-0.51025400
-0.29471116
-0.257677616
-0.25080626
-0.310727563
0.021319502
0.0237831761
-0.31426540
-0.36770660
-0.39954125
-0.37829149
-0.389047304
-0.366570478
-0.38367612
-0.43690586
-0.24022251
-0.200624504
0.016481583
-0.1521037211
-0.31880102
0.161672989
-0.316870716
0.159239939
-0.5137974804
0.1274162411
-0.6025816
0.243222182
-0.0259657901
0.0623476590
53
9
WALKING_DOWNSTAIRS
0.2959234
-0.020399427
-0.09102788
0.9384178
-0.035230465
-0.082276175
0.13019304
-2.068660e-02
2.625689e-03
-0.091638301
-0.071259884
0.11680440
-0.09459120
-0.05976083
-0.06780806
0.14588636
0.14588636
-0.162376089
-0.168921401
-0.46902843
0.10312851
-0.183120455
-0.10370582
-0.440633906
0.062505824
-0.0424266602
-0.06453543
-0.31364304
-0.29367779
-0.43402213
-0.232042826
-0.330318262
-0.32504289
-0.31251220
-0.25068659
-0.165224232
-0.003516971
-0.1151919925
0.22220394
-0.049827390
0.007168779
-0.082450460
-0.3475402267
0.0656782202
-0.4631721
0.132021015
-0.1122776552
-0.0921238957
54
9
WALKING_UPSTAIRS
0.2624365
-0.019510110
-0.12521900
0.9026478
-0.037794782
-0.266009867
0.06922662
1.266122e-03
7.660466e-03
-0.163967190
-0.041258791
0.14569463
-0.06846896
-0.03027975
-0.02363279
-0.26072758
-0.26072758
-0.440667540
-0.083323449
-0.67284056
-0.34273595
-0.405022798
-0.38471042
-0.341219679
-0.247086151
-0.2152039928
-0.40204475
-0.60849859
-0.61512571
-0.42721109
-0.529275972
-0.547022216
-0.31394163
-0.49915920
-0.32769867
-0.284881769
-0.414946340
-0.5074908667
-0.37289035
-0.001954275
-0.419533109
0.025759746
-0.5314826939
-0.2599629578
-0.7341594
0.136001150
0.1291539636
0.0018840350
Showing 1 to 6 of 180 entries, 50 total columns
